Device count = 3
Using device 2
Matrix Dimension = 256 256 256
Block_Dim = 16, Grid_Dim = 16
Allocating 2048 bytes total
1.570000e+02 1.580000e+02 1.590000e+02 
1.450000e+02 1.460000e+02 1.470000e+02 1.480000e+02 1.490000e+02 1.500000e+02 1.510000e+02 1.520000e+02 1.530000e+02 1.540000e+02 1.550000e+02 1.560000e+02 1.570000e+02 1.580000e+02 1.590000e+02 1.600000e+02 
1.460000e+02 1.470000e+02 1.480000e+02 1.490000e+02 1.500000e+02 1.510000e+02 1.520000e+02 1.530000e+02 1.540000e+02 1.550000e+02 1.560000e+02 1.570000e+02 1.580000e+02 1.590000e+02 1.600000e+02 1.610000e+02 
1.470000e+02 1.480000e+02 1.490000e+02 1.500000e+02 1.510000e+02 1.520000e+02 1.530000e+02 1.540000e+02 1.550000e+02 1.560000e+02 1.570000e+02 1.580000e+02 1.590000e+02 1.600000e+02 1.610000e+02 1.620000e+02 
1.480000e+02 1.490000e+02 1.500000e+02 1.510000e+02 1.520000e+02 1.530000e+02 1.540000e+02 1.550000e+02 1.560000e+02 1.570000e+02 1.580000e+02 1.590000e+02 1.600000e+02 1.610000e+02 1.620000e+02 1.630000e+02 
1.490000e+02 1.500000e+02 1.510000e+02 1.520000e+02 1.530000e+02 1.540000e+02 1.550000e+02 1.560000e+02 1.570000e+02 1.580000e+02 1.590000e+02 1.600000e+02 1.610000e+02 1.620000e+02 1.630000e+02 1.640000e+02 
1.500000e+02 1.510000e+02 1.520000e+02 1.530000e+02 1.540000e+02 1.550000e+02 1.560000e+02 1.570000e+02 1.580000e+02 1.590000e+02 1.600000e+02 1.610000e+02 1.620000e+02 1.630000e+02 1.640000e+02 1.650000e+02 
1.510000e+02 1.520000e+02 1.530000e+02 1.540000e+02 1.550000e+02 1.560000e+02 1.570000e+02 1.580000e+02 1.590000e+02 1.600000e+02 1.610000e+02 1.620000e+02 1.630000e+02 1.640000e+02 1.650000e+02 1.660000e+02 
1.520000e+02 1.530000e+02 1.540000e+02 1.550000e+02 1.560000e+02 1.570000e+02 1.580000e+02 1.590000e+02 1.600000e+02 1.610000e+02 1.620000e+02 1.630000e+02 1.640000e+02 1.650000e+02 1.660000e+02 1.670000e+02 
1.530000e+02 1.540000e+02 1.550000e+02 1.560000e+02 1.570000e+02 1.580000e+02 1.590000e+02 1.600000e+02 1.610000e+02 1.620000e+02 1.630000e+02 1.640000e+02 1.650000e+02 1.660000e+02 1.670000e+02 1.680000e+02 
1.540000e+02 1.550000e+02 1.560000e+02 1.570000e+02 1.580000e+02 1.590000e+02 1.600000e+02 1.610000e+02 1.620000e+02 1.630000e+02 1.640000e+02 1.650000e+02 1.660000e+02 1.670000e+02 1.680000e+02 1.690000e+02 
1.550000e+02 1.560000e+02 1.570000e+02 1.580000e+02 1.590000e+02 1.600000e+02 1.610000e+02 1.620000e+02 1.630000e+02 1.640000e+02 1.650000e+02 1.660000e+02 1.670000e+02 1.680000e+02 1.690000e+02 1.700000e+02 
1.560000e+02 1.570000e+02 1.580000e+02 1.590000e+02 1.600000e+02 1.610000e+02 1.620000e+02 1.630000e+02 1.640000e+02 1.650000e+02 1.660000e+02 1.670000e+02 1.680000e+02 1.690000e+02 1.700000e+02 1.710000e+02 
1.570000e+02 1.580000e+02 1.590000e+02 1.600000e+02 1.610000e+02 1.620000e+02 1.630000e+02 1.640000e+02 1.650000e+02 1.660000e+02 1.670000e+02 1.680000e+02 1.690000e+02 1.700000e+02 1.710000e+02 1.720000e+02 
1.580000e+02 1.590000e+02 1.600000e+02 1.610000e+02 1.620000e+02 1.630000e+02 1.640000e+02 1.650000e+02 1.660000e+02 1.670000e+02 1.680000e+02 1.690000e+02 1.700000e+02 1.710000e+02 1.720000e+02 1.730000e+02 
1.590000e+02 1.600000e+02 1.610000e+02 1.620000e+02 1.630000e+02 1.640000e+02 1.650000e+02 1.660000e+02 1.670000e+02 1.680000e+02 1.690000e+02 1.700000e+02 1.710000e+02 1.720000e+02 1.730000e+02 1.740000e+02 


On iteration 9
As:
3.840000e+02 3.850000e+02 3.860000e+02 3.870000e+02 3.880000e+02 3.890000e+02 3.900000e+02 3.910000e+02 3.920000e+02 3.930000e+02 3.940000e+02 3.950000e+02 3.960000e+02 3.970000e+02 3.980000e+02 3.990000e+02 
3.850000e+02 3.860000e+02 3.870000e+02 3.880000e+02 3.890000e+02 3.900000e+02 3.910000e+02 3.920000e+02 3.930000e+02 3.940000e+02 3.950000e+02 3.960000e+02 3.970000e+02 3.980000e+02 3.990000e+02 4.000000e+02 
3.860000e+02 3.870000e+02 3.880000e+02 3.890000e+02 3.900000e+02 3.910000e+02 3.920000e+02 3.930000e+02 3.940000e+02 3.950000e+02 3.960000e+02 3.970000e+02 3.980000e+02 3.990000e+02 4.000000e+02 4.010000e+02 
3.870000e+02 3.880000e+02 3.890000e+02 3.900000e+02 3.910000e+02 3.920000e+02 3.930000e+02 3.940000e+02 3.950000e+02 3.960000e+02 3.970000e+02 3.980000e+02 3.990000e+02 4.000000e+02 4.010000e+02 4.020000e+02 
3.880000e+02 3.890000e+02 3.900000e+02 3.910000e+02 3.920000e+02 3.930000e+02 3.940000e+02 3.950000e+02 3.960000e+02 3.970000e+02 3.980000e+02 3.990000e+02 4.000000e+02 4.010000e+02 4.020000e+02 4.030000e+02 
3.890000e+02 3.900000e+02 3.910000e+02 3.920000e+02 3.930000e+02 3.940000e+02 3.950000e+02 3.960000e+02 3.970000e+02 3.980000e+02 3.990000e+02 4.000000e+02 4.010000e+02 4.020000e+02 4.030000e+02 4.040000e+02 
3.900000e+02 3.910000e+02 3.920000e+02 3.930000e+02 3.940000e+02 3.950000e+02 3.960000e+02 3.970000e+02 3.980000e+02 3.990000e+02 4.000000e+02 4.010000e+02 4.020000e+02 4.030000e+02 4.040000e+02 4.050000e+02 
3.910000e+02 3.920000e+02 3.930000e+02 3.940000e+02 3.950000e+02 3.960000e+02 3.970000e+02 3.980000e+02 3.990000e+02 4.000000e+02 4.010000e+02 4.020000e+02 4.030000e+02 4.040000e+02 4.050000e+02 4.060000e+02 
3.920000e+02 3.930000e+02 3.940000e+02 3.950000e+02 3.960000e+02 3.970000e+02 3.980000e+02 3.990000e+02 4.000000e+02 4.010000e+02 4.020000e+02 4.030000e+02 4.040000e+02 4.050000e+02 4.060000e+02 4.070000e+02 
3.930000e+02 3.940000e+02 3.950000e+02 3.960000e+02 3.970000e+02 3.980000e+02 3.990000e+02 4.000000e+02 4.010000e+02 4.020000e+02 4.030000e+02 4.040000e+02 4.050000e+02 4.060000e+02 4.070000e+02 4.080000e+02 
3.940000e+02 3.950000e+02 3.960000e+02 3.970000e+02 3.980000e+02 3.990000e+02 4.000000e+02 4.010000e+02 4.020000e+02 4.030000e+02 4.040000e+02 4.050000e+02 4.060000e+02 4.070000e+02 4.080000e+02 4.090000e+02 
3.950000e+02 3.960000e+02 3.970000e+02 3.980000e+02 3.990000e+02 4.000000e+02 4.010000e+02 4.020000e+02 4.030000e+02 4.040000e+02 4.050000e+02 4.060000e+02 4.070000e+02 4.080000e+02 4.090000e+02 4.100000e+02 
3.960000e+02 3.970000e+02 3.980000e+02 3.990000e+02 4.000000e+02 4.010000e+02 4.020000e+02 4.030000e+02 4.040000e+02 4.050000e+02 4.060000e+02 4.070000e+02 4.080000e+02 4.090000e+02 4.100000e+02 4.110000e+02 
3.970000e+02 3.980000e+02 3.990000e+02 4.000000e+02 4.010000e+02 4.020000e+02 4.030000e+02 4.040000e+02 4.050000e+02 4.060000e+02 4.070000e+02 4.080000e+02 4.090000e+02 4.100000e+02 4.110000e+02 4.120000e+02 
3.980000e+02 3.990000e+02 4.000000e+02 4.010000e+02 4.020000e+02 4.030000e+02 4.040000e+02 4.050000e+02 4.060000e+02 4.070000e+02 4.080000e+02 4.090000e+02 4.100000e+02 4.110000e+02 4.120000e+02 4.130000e+02 
3.990000e+02 4.000000e+02 4.010000e+02 4.020000e+02 4.030000e+02 4.040000e+02 4.050000e+02 4.060000e+02 4.070000e+02 4.080000e+02 4.090000e+02 4.100000e+02 4.110000e+02 4.120000e+02 4.130000e+02 4.140000e+02 
Bs:
1.600000e+02 1.610000e+02 1.620000e+02 1.630000e+02 1.640000e+02 1.650000e+02 1.660000e+02 1.670000e+02 1.680000e+02 1.690000e+02 1.700000e+02 1.710000e+02 1.720000e+02 1.730000e+02 1.740000e+02 1.750000e+02 
1.610000e+02 1.620000e+02 1.630000e+02 1.640000e+02 1.650000e+02 1.660000e+02 1.670000e+02 1.680000e+02 1.690000e+02 1.700000e+02 1.710000e+02 1.720000e+02 1.730000e+02 1.740000e+02 1.750000e+02 1.760000e+02 
1.620000e+02 1.630000e+02 1.640000e+02 1.650000e+02 1.660000e+02 1.670000e+02 1.680000e+02 1.690000e+02 1.700000e+02 1.710000e+02 1.720000e+02 1.730000e+02 1.740000e+02 1.750000e+02 1.760000e+02 1.770000e+02 
1.630000e+02 1.640000e+02 1.650000e+02 1.660000e+02 1.670000e+02 1.680000e+02 1.690000e+02 1.700000e+02 1.710000e+02 1.720000e+02 1.730000e+02 1.740000e+02 1.750000e+02 1.760000e+02 1.770000e+02 1.780000e+02 
1.640000e+02 1.650000e+02 1.660000e+02 1.670000e+02 1.680000e+02 1.690000e+02 1.700000e+02 1.710000e+02 1.720000e+02 1.730000e+02 1.740000e+02 1.750000e+02 1.760000e+02 1.770000e+02 1.780000e+02 1.790000e+02 
1.650000e+02 1.660000e+02 1.670000e+02 1.680000e+02 1.690000e+02 1.700000e+02 1.710000e+02 1.720000e+02 1.730000e+02 1.740000e+02 1.750000e+02 1.760000e+02 1.770000e+02 1.780000e+02 1.790000e+02 1.800000e+02 
1.660000e+02 1.670000e+02 1.680000e+02 1.690000e+02 1.700000e+02 1.710000e+02 1.720000e+02 1.730000e+02 1.740000e+02 1.750000e+02 1.760000e+02 1.770000e+02 1.780000e+02 1.790000e+02 1.800000e+02 1.810000e+02 
1.670000e+02 1.680000e+02 1.690000e+02 1.700000e+02 1.710000e+02 1.720000e+02 1.730000e+02 1.740000e+02 1.750000e+02 1.760000e+02 1.770000e+02 1.780000e+02 1.790000e+02 1.800000e+02 1.810000e+02 1.820000e+02 
1.680000e+02 1.690000e+02 1.700000e+02 1.710000e+02 1.720000e+02 1.730000e+02 1.740000e+02 1.750000e+02 1.760000e+02 1.770000e+02 1.780000e+02 1.790000e+02 1.800000e+02 1.810000e+02 1.820000e+02 1.830000e+02 
1.690000e+02 1.700000e+02 1.710000e+02 1.720000e+02 1.730000e+02 1.740000e+02 1.750000e+02 1.760000e+02 1.770000e+02 1.780000e+02 1.790000e+02 1.800000e+02 1.810000e+02 1.820000e+02 1.830000e+02 1.840000e+02 
1.700000e+02 1.710000e+02 1.720000e+02 1.730000e+02 1.740000e+02 1.750000e+02 1.760000e+02 1.770000e+02 1.780000e+02 1.790000e+02 1.800000e+02 1.810000e+02 1.820000e+02 1.830000e+02 1.840000e+02 1.850000e+02 
1.710000e+02 1.720000e+02 1.730000e+02 1.740000e+02 1.750000e+02 1.760000e+02 1.770000e+02 1.780000e+02 1.790000e+02 1.800000e+02 1.810000e+02 1.820000e+02 1.830000e+02 1.840000e+02 1.850000e+02 1.860000e+02 
1.720000e+02 1.730000e+02 1.740000e+02 1.750000e+02 1.760000e+02 1.770000e+02 1.780000e+02 1.790000e+02 1.800000e+02 1.810000e+02 1.820000e+02 1.830000e+02 1.840000e+02 1.850000e+02 1.860000e+02 1.870000e+02 
1.730000e+02 1.740000e+02 1.750000e+02 1.760000e+02 1.770000e+02 1.780000e+02 1.790000e+02 1.800000e+02 1.810000e+02 1.820000e+02 1.830000e+02 1.840000e+02 1.850000e+02 1.860000e+02 1.870000e+02 1.880000e+02 
1.740000e+02 1.750000e+02 1.760000e+02 1.770000e+02 1.780000e+02 1.790000e+02 1.800000e+02 1.810000e+02 1.820000e+02 1.830000e+02 1.840000e+02 1.850000e+02 1.860000e+02 1.870000e+02 1.880000e+02 1.890000e+02 
1.750000e+02 1.760000e+02 1.770000e+02 1.780000e+02 1.790000e+02 1.800000e+02 1.810000e+02 1.820000e+02 1.830000e+02 1.840000e+02 1.850000e+02 1.860000e+02 1.870000e+02 1.880000e+02 1.890000e+02 1.900000e+02 


On iteration 10
As:
4.000000e+02 4.010000e+02 4.020000e+02 4.030000e+02 4.040000e+02 4.050000e+02 4.060000e+02 4.070000e+02 4.080000e+02 4.090000e+02 4.100000e+02 4.110000e+02 4.120000e+02 4.130000e+02 4.140000e+02 4.150000e+02 
4.010000e+02 4.020000e+02 4.030000e+02 4.040000e+02 4.050000e+02 4.060000e+02 4.070000e+02 4.080000e+02 4.090000e+02 4.100000e+02 4.110000e+02 4.120000e+02 4.130000e+02 4.140000e+02 4.150000e+02 4.160000e+02 
4.020000e+02 4.030000e+02 4.040000e+02 4.050000e+02 4.060000e+02 4.070000e+02 4.080000e+02 4.090000e+02 4.100000e+02 4.110000e+02 4.120000e+02 4.130000e+02 4.140000e+02 4.150000e+02 4.160000e+02 4.170000e+02 
4.030000e+02 4.040000e+02 4.050000e+02 4.060000e+02 4.070000e+02 4.080000e+02 4.090000e+02 4.100000e+02 4.110000e+02 4.120000e+02 4.130000e+02 4.140000e+02 4.150000e+02 4.160000e+02 4.170000e+02 4.180000e+02 
4.040000e+02 4.050000e+02 4.060000e+02 4.070000e+02 4.080000e+02 4.090000e+02 4.100000e+02 4.110000e+02 4.120000e+02 4.130000e+02 4.140000e+02 4.150000e+02 4.160000e+02 4.170000e+02 4.180000e+02 4.190000e+02 
4.050000e+02 4.060000e+02 4.070000e+02 4.080000e+02 4.090000e+02 4.100000e+02 4.110000e+02 4.120000e+02 4.130000e+02 4.140000e+02 4.150000e+02 4.160000e+02 4.170000e+02 4.180000e+02 4.190000e+02 4.200000e+02 
4.060000e+02 4.070000e+02 4.080000e+02 4.090000e+02 4.100000e+02 4.110000e+02 4.120000e+02 4.130000e+02 4.140000e+02 4.150000e+02 4.160000e+02 4.170000e+02 4.180000e+02 4.190000e+02 4.200000e+02 4.210000e+02 
4.070000e+02 4.080000e+02 4.090000e+02 4.100000e+02 4.110000e+02 4.120000e+02 4.130000e+02 4.140000e+02 4.150000e+02 4.160000e+02 4.170000e+02 4.180000e+02 4.190000e+02 4.200000e+02 4.210000e+02 4.220000e+02 
4.080000e+02 4.090000e+02 4.100000e+02 4.110000e+02 4.120000e+02 4.130000e+02 4.140000e+02 4.150000e+02 4.160000e+02 4.170000e+02 4.180000e+02 4.190000e+02 4.200000e+02 4.210000e+02 4.220000e+02 4.230000e+02 
4.090000e+02 4.100000e+02 4.110000e+02 4.120000e+02 4.130000e+02 4.140000e+02 4.150000e+02 4.160000e+02 4.170000e+02 4.180000e+02 4.190000e+02 4.200000e+02 4.210000e+02 4.220000e+02 4.230000e+02 4.240000e+02 
4.100000e+02 4.110000e+02 4.120000e+02 4.130000e+02 4.140000e+02 4.150000e+02 4.160000e+02 4.170000e+02 4.180000e+02 4.190000e+02 4.200000e+02 4.210000e+02 4.220000e+02 4.230000e+02 4.240000e+02 4.250000e+02 
4.110000e+02 4.120000e+02 4.130000e+02 4.140000e+02 4.150000e+02 4.160000e+02 4.170000e+02 4.180000e+02 4.190000e+02 4.200000e+02 4.210000e+02 4.220000e+02 4.230000e+02 4.240000e+02 4.250000e+02 4.260000e+02 
4.120000e+02 4.130000e+02 4.140000e+02 4.150000e+02 4.160000e+02 4.170000e+02 4.180000e+02 4.190000e+02 4.200000e+02 4.210000e+02 4.220000e+02 4.230000e+02 4.240000e+02 4.250000e+02 4.260000e+02 4.270000e+02 
4.130000e+02 4.140000e+02 4.150000e+02 4.160000e+02 4.170000e+02 4.180000e+02 4.190000e+02 4.200000e+02 4.210000e+02 4.220000e+02 4.230000e+02 4.240000e+02 4.250000e+02 4.260000e+02 4.270000e+02 4.280000e+02 
4.140000e+02 4.150000e+02 4.160000e+02 4.170000e+02 4.180000e+02 4.190000e+02 4.200000e+02 4.210000e+02 4.220000e+02 4.230000e+02 4.240000e+02 4.250000e+02 4.260000e+02 4.270000e+02 4.280000e+02 4.290000e+02 
4.150000e+02 4.160000e+02 4.170000e+02 4.180000e+02 4.190000e+02 4.200000e+02 4.210000e+02 4.220000e+02 4.230000e+02 4.240000e+02 4.250000e+02 4.260000e+02 4.270000e+02 4.280000e+02 4.290000e+02 4.300000e+02 
Bs:
1.760000e+02 1.770000e+02 1.780000e+02 1.790000e+02 1.800000e+02 1.810000e+02 1.820000e+02 1.830000e+02 1.840000e+02 1.850000e+02 1.860000e+02 1.870000e+02 1.880000e+02 1.890000e+02 1.900000e+02 1.910000e+02 
1.770000e+02 1.780000e+02 1.790000e+02 1.800000e+02 1.810000e+02 1.820000e+02 1.830000e+02 1.840000e+02 1.850000e+02 1.860000e+02 1.870000e+02 1.880000e+02 1.890000e+02 1.900000e+02 1.910000e+02 1.920000e+02 
1.780000e+02 1.790000e+02 1.800000e+02 1.810000e+02 1.820000e+02 1.830000e+02 1.840000e+02 1.850000e+02 1.860000e+02 1.870000e+02 1.880000e+02 1.890000e+02 1.900000e+02 1.910000e+02 1.920000e+02 1.930000e+02 
1.790000e+02 1.800000e+02 1.810000e+02 1.820000e+02 1.830000e+02 1.840000e+02 1.850000e+02 1.860000e+02 1.870000e+02 1.880000e+02 1.890000e+02 1.900000e+02 1.910000e+02 1.920000e+02 1.930000e+02 1.940000e+02 
1.800000e+02 1.810000e+02 1.820000e+02 1.830000e+02 1.840000e+02 1.850000e+02 1.860000e+02 1.870000e+02 1.880000e+02 1.890000e+02 1.900000e+02 1.910000e+02 1.920000e+02 1.930000e+02 1.940000e+02 1.950000e+02 
1.810000e+02 1.820000e+02 1.830000e+02 1.840000e+02 1.850000e+02 1.860000e+02 1.870000e+02 1.880000e+02 1.890000e+02 1.900000e+02 1.910000e+02 1.920000e+02 1.930000e+02 1.940000e+02 1.950000e+02 1.960000e+02 
1.820000e+02 1.830000e+02 1.840000e+02 1.850000e+02 1.860000e+02 1.870000e+02 1.880000e+02 1.890000e+02 1.900000e+02 1.910000e+02 1.920000e+02 1.930000e+02 1.940000e+02 1.950000e+02 1.960000e+02 1.970000e+02 
1.830000e+02 1.840000e+02 1.850000e+02 1.860000e+02 1.870000e+02 1.880000e+02 1.890000e+02 1.900000e+02 1.910000e+02 1.920000e+02 1.930000e+02 1.940000e+02 1.950000e+02 1.960000e+02 1.970000e+02 1.980000e+02 
1.840000e+02 1.850000e+02 1.860000e+02 1.870000e+02 1.880000e+02 1.890000e+02 1.900000e+02 1.910000e+02 1.920000e+02 1.930000e+02 1.940000e+02 1.950000e+02 1.960000e+02 1.970000e+02 1.980000e+02 1.990000e+02 
1.850000e+02 1.860000e+02 1.870000e+02 1.880000e+02 1.890000e+02 1.900000e+02 1.910000e+02 1.920000e+02 1.930000e+02 1.940000e+02 1.950000e+02 1.960000e+02 1.970000e+02 1.980000e+02 1.990000e+02 2.000000e+02 
1.860000e+02 1.870000e+02 1.880000e+02 1.890000e+02 1.900000e+02 1.910000e+02 1.920000e+02 1.930000e+02 1.940000e+02 1.950000e+02 1.960000e+02 1.970000e+02 1.980000e+02 1.990000e+02 2.000000e+02 2.010000e+02 
1.870000e+02 1.880000e+02 1.890000e+02 1.900000e+02 1.910000e+02 1.920000e+02 1.930000e+02 1.940000e+02 1.950000e+02 1.960000e+02 1.970000e+02 1.980000e+02 1.990000e+02 2.000000e+02 2.010000e+02 2.020000e+02 
1.880000e+02 1.890000e+02 1.900000e+02 1.910000e+02 1.920000e+02 1.930000e+02 1.940000e+02 1.950000e+02 1.960000e+02 1.970000e+02 1.980000e+02 1.990000e+02 2.000000e+02 2.010000e+02 2.020000e+02 2.030000e+02 
1.890000e+02 1.900000e+02 1.910000e+02 1.920000e+02 1.930000e+02 1.940000e+02 1.950000e+02 1.960000e+02 1.970000e+02 1.980000e+02 1.990000e+02 2.000000e+02 2.010000e+02 2.020000e+02 2.030000e+02 2.040000e+02 
1.900000e+02 1.910000e+02 1.920000e+02 1.930000e+02 1.940000e+02 1.950000e+02 1.960000e+02 1.970000e+02 1.980000e+02 1.990000e+02 2.000000e+02 2.010000e+02 2.020000e+02 2.030000e+02 2.040000e+02 2.050000e+02 
1.910000e+02 1.920000e+02 1.930000e+02 1.940000e+02 1.950000e+02 1.960000e+02 1.970000e+02 1.980000e+02 1.990000e+02 2.000000e+02 2.010000e+02 2.020000e+02 2.030000e+02 2.040000e+02 2.050000e+02 2.060000e+02 


On iteration 11
As:
4.160000e+02 4.170000e+02 4.180000e+02 4.190000e+02 4.200000e+02 4.210000e+02 4.220000e+02 4.230000e+02 4.240000e+02 4.250000e+02 4.260000e+02 4.270000e+02 4.280000e+02 4.290000e+02 4.300000e+02 4.310000e+02 
4.170000e+02 4.180000e+02 4.190000e+02 4.200000e+02 4.210000e+02 4.220000e+02 4.230000e+02 4.240000e+02 4.250000e+02 4.260000e+02 4.270000e+02 4.280000e+02 4.290000e+02 4.300000e+02 4.310000e+02 4.320000e+02 
4.180000e+02 4.190000e+02 4.200000e+02 4.210000e+02 4.220000e+02 4.230000e+02 4.240000e+02 4.250000e+02 4.260000e+02 4.270000e+02 4.280000e+02 4.290000e+02 4.300000e+02 4.310000e+02 4.320000e+02 4.330000e+02 
4.190000e+02 4.200000e+02 4.210000e+02 4.220000e+02 4.230000e+02 4.240000e+02 4.250000e+02 4.260000e+02 4.270000e+02 4.280000e+02 4.290000e+02 4.300000e+02 4.310000e+02 4.320000e+02 4.330000e+02 4.340000e+02 
4.200000e+02 4.210000e+02 4.220000e+02 4.230000e+02 4.240000e+02 4.250000e+02 4.260000e+02 4.270000e+02 4.280000e+02 4.290000e+02 4.300000e+02 4.310000e+02 4.320000e+02 4.330000e+02 4.340000e+02 4.350000e+02 
4.210000e+02 4.220000e+02 4.230000e+02 4.240000e+02 4.250000e+02 4.260000e+02 4.270000e+02 4.280000e+02 4.290000e+02 4.300000e+02 4.310000e+02 4.320000e+02 4.330000e+02 4.340000e+02 4.350000e+02 4.360000e+02 
4.220000e+02 4.230000e+02 4.240000e+02 4.250000e+02 4.260000e+02 4.270000e+02 4.280000e+02 4.290000e+02 4.300000e+02 4.310000e+02 4.320000e+02 4.330000e+02 4.340000e+02 4.350000e+02 4.360000e+02 4.370000e+02 
4.230000e+02 4.240000e+02 4.250000e+02 4.260000e+02 4.270000e+02 4.280000e+02 4.290000e+02 4.300000e+02 4.310000e+02 4.320000e+02 4.330000e+02 4.340000e+02 4.350000e+02 4.360000e+02 4.370000e+02 4.380000e+02 
4.240000e+02 4.250000e+02 4.260000e+02 4.270000e+02 4.280000e+02 4.290000e+02 4.300000e+02 4.310000e+02 4.320000e+02 4.330000e+02 4.340000e+02 4.350000e+02 4.360000e+02 4.370000e+02 4.380000e+02 4.390000e+02 
4.250000e+02 4.260000e+02 4.270000e+02 4.280000e+02 4.290000e+02 4.300000e+02 4.310000e+02 4.320000e+02 4.330000e+02 4.340000e+02 4.350000e+02 4.360000e+02 4.370000e+02 4.380000e+02 4.390000e+02 4.400000e+02 
4.260000e+02 4.270000e+02 4.280000e+02 4.290000e+02 4.300000e+02 4.310000e+02 4.320000e+02 4.330000e+02 4.340000e+02 4.350000e+02 4.360000e+02 4.370000e+02 4.380000e+02 4.390000e+02 4.400000e+02 4.410000e+02 
4.270000e+02 4.280000e+02 4.290000e+02 4.300000e+02 4.310000e+02 4.320000e+02 4.330000e+02 4.340000e+02 4.350000e+02 4.360000e+02 4.370000e+02 4.380000e+02 4.390000e+02 4.400000e+02 4.410000e+02 4.420000e+02 
4.280000e+02 4.290000e+02 4.300000e+02 4.310000e+02 4.320000e+02 4.330000e+02 4.340000e+02 4.350000e+02 4.360000e+02 4.370000e+02 4.380000e+02 4.390000e+02 4.400000e+02 4.410000e+02 4.420000e+02 4.430000e+02 
4.290000e+02 4.300000e+02 4.310000e+02 4.320000e+02 4.330000e+02 4.340000e+02 4.350000e+02 4.360000e+02 4.370000e+02 4.380000e+02 4.390000e+02 4.400000e+02 4.410000e+02 4.420000e+02 4.430000e+02 4.440000e+02 
4.300000e+02 4.310000e+02 4.320000e+02 4.330000e+02 4.340000e+02 4.350000e+02 4.360000e+02 4.370000e+02 4.380000e+02 4.390000e+02 4.400000e+02 4.410000e+02 4.420000e+02 4.430000e+02 4.440000e+02 4.450000e+02 
4.310000e+02 4.320000e+02 4.330000e+02 4.340000e+02 4.350000e+02 4.360000e+02 4.370000e+02 4.380000e+02 4.390000e+02 4.400000e+02 4.410000e+02 4.420000e+02 4.430000e+02 4.440000e+02 4.450000e+02 4.460000e+02 
Bs:
1.920000e+02 1.930000e+02 1.940000e+02 1.950000e+02 1.960000e+02 1.970000e+02 1.980000e+02 1.990000e+02 2.000000e+02 2.010000e+02 2.020000e+02 2.030000e+02 2.040000e+02 2.050000e+02 2.060000e+02 2.070000e+02 
1.930000e+02 1.940000e+02 1.950000e+02 1.960000e+02 1.970000e+02 1.980000e+02 1.990000e+02 2.000000e+02 2.010000e+02 2.020000e+02 2.030000e+02 2.040000e+02 2.050000e+02 2.060000e+02 2.070000e+02 2.080000e+02 
1.940000e+02 1.950000e+02 1.960000e+02 1.970000e+02 1.980000e+02 1.990000e+02 2.000000e+02 2.010000e+02 2.020000e+02 2.030000e+02 2.040000e+02 2.050000e+02 2.060000e+02 2.070000e+02 2.080000e+02 2.090000e+02 
1.950000e+02 1.960000e+02 1.970000e+02 1.980000e+02 1.990000e+02 2.000000e+02 2.010000e+02 2.020000e+02 2.030000e+02 2.040000e+02 2.050000e+02 2.060000e+02 2.070000e+02 2.080000e+02 2.090000e+02 2.100000e+02 
1.960000e+02 1.970000e+02 1.980000e+02 1.990000e+02 2.000000e+02 2.010000e+02 2.020000e+02 2.030000e+02 2.040000e+02 2.050000e+02 2.060000e+02 2.070000e+02 2.080000e+02 2.090000e+02 2.100000e+02 2.110000e+02 
1.970000e+02 1.980000e+02 1.990000e+02 2.000000e+02 2.010000e+02 2.020000e+02 2.030000e+02 2.040000e+02 2.050000e+02 2.060000e+02 2.070000e+02 2.080000e+02 2.090000e+02 2.100000e+02 2.110000e+02 2.120000e+02 
1.980000e+02 1.990000e+02 2.000000e+02 2.010000e+02 2.020000e+02 2.030000e+02 2.040000e+02 2.050000e+02 2.060000e+02 2.070000e+02 2.080000e+02 2.090000e+02 2.100000e+02 2.110000e+02 2.120000e+02 2.130000e+02 
1.990000e+02 2.000000e+02 2.010000e+02 2.020000e+02 2.030000e+02 2.040000e+02 2.050000e+02 2.060000e+02 2.070000e+02 2.080000e+02 2.090000e+02 2.100000e+02 2.110000e+02 2.120000e+02 2.130000e+02 2.140000e+02 
2.000000e+02 2.010000e+02 2.020000e+02 2.030000e+02 2.040000e+02 2.050000e+02 2.060000e+02 2.070000e+02 2.080000e+02 2.090000e+02 2.100000e+02 2.110000e+02 2.120000e+02 2.130000e+02 2.140000e+02 2.150000e+02 
2.010000e+02 2.020000e+02 2.030000e+02 2.040000e+02 2.050000e+02 2.060000e+02 2.070000e+02 2.080000e+02 2.090000e+02 2.100000e+02 2.110000e+02 2.120000e+02 2.130000e+02 2.140000e+02 2.150000e+02 2.160000e+02 
2.020000e+02 2.030000e+02 2.040000e+02 2.050000e+02 2.060000e+02 2.070000e+02 2.080000e+02 2.090000e+02 2.100000e+02 2.110000e+02 2.120000e+02 2.130000e+02 2.140000e+02 2.150000e+02 2.160000e+02 2.170000e+02 
2.030000e+02 2.040000e+02 2.050000e+02 2.060000e+02 2.070000e+02 2.080000e+02 2.090000e+02 2.100000e+02 2.110000e+02 2.120000e+02 2.130000e+02 2.140000e+02 2.150000e+02 2.160000e+02 2.170000e+02 2.180000e+02 
2.040000e+02 2.050000e+02 2.060000e+02 2.070000e+02 2.080000e+02 2.090000e+02 2.100000e+02 2.110000e+02 2.120000e+02 2.130000e+02 2.140000e+02 2.150000e+02 2.160000e+02 2.170000e+02 2.180000e+02 2.190000e+02 
2.050000e+02 2.060000e+02 2.070000e+02 2.080000e+02 2.090000e+02 2.100000e+02 2.110000e+02 2.120000e+02 2.130000e+02 2.140000e+02 2.150000e+02 2.160000e+02 2.170000e+02 2.180000e+02 2.190000e+02 2.200000e+02 
2.060000e+02 2.070000e+02 2.080000e+02 2.090000e+02 2.100000e+02 2.110000e+02 2.120000e+02 2.130000e+02 2.140000e+02 2.150000e+02 2.160000e+02 2.170000e+02 2.180000e+02 2.190000e+02 2.200000e+02 2.210000e+02 
2.070000e+02 2.080000e+02 2.090000e+02 2.100000e+02 2.110000e+02 2.120000e+02 2.130000e+02 2.140000e+02 2.150000e+02 2.160000e+02 2.170000e+02 2.180000e+02 2.190000e+02 2.200000e+02 2.210000e+02 2.220000e+02 


On iteration 12
As:
4.320000e+02 4.330000e+02 4.340000e+02 4.350000e+02 4.360000e+02 4.370000e+02 4.380000e+02 4.390000e+02 4.400000e+02 4.410000e+02 4.420000e+02 4.430000e+02 4.440000e+02 4.450000e+02 4.460000e+02 4.470000e+02 
4.330000e+02 4.340000e+02 4.350000e+02 4.360000e+02 4.370000e+02 4.380000e+02 4.390000e+02 4.400000e+02 4.410000e+02 4.420000e+02 4.430000e+02 4.440000e+02 4.450000e+02 4.460000e+02 4.470000e+02 4.480000e+02 
4.340000e+02 4.350000e+02 4.360000e+02 4.370000e+02 4.380000e+02 4.390000e+02 4.400000e+02 4.410000e+02 4.420000e+02 4.430000e+02 4.440000e+02 4.450000e+02 4.460000e+02 4.470000e+02 4.480000e+02 4.490000e+02 
4.350000e+02 4.360000e+02 4.370000e+02 4.380000e+02 4.390000e+02 4.400000e+02 4.410000e+02 4.420000e+02 4.430000e+02 4.440000e+02 4.450000e+02 4.460000e+02 4.470000e+02 4.480000e+02 4.490000e+02 4.500000e+02 
4.360000e+02 4.370000e+02 4.380000e+02 4.390000e+02 4.400000e+02 4.410000e+02 4.420000e+02 4.430000e+02 4.440000e+02 4.450000e+02 4.460000e+02 4.470000e+02 4.480000e+02 4.490000e+02 4.500000e+02 4.510000e+02 
4.370000e+02 4.380000e+02 4.390000e+02 4.400000e+02 4.410000e+02 4.420000e+02 4.430000e+02 4.440000e+02 4.450000e+02 4.460000e+02 4.470000e+02 4.480000e+02 4.490000e+02 4.500000e+02 4.510000e+02 4.520000e+02 
4.380000e+02 4.390000e+02 4.400000e+02 4.410000e+02 4.420000e+02 4.430000e+02 4.440000e+02 4.450000e+02 4.460000e+02 4.470000e+02 4.480000e+02 4.490000e+02 4.500000e+02 4.510000e+02 4.520000e+02 4.530000e+02 
4.390000e+02 4.400000e+02 4.410000e+02 4.420000e+02 4.430000e+02 4.440000e+02 4.450000e+02 4.460000e+02 4.470000e+02 4.480000e+02 4.490000e+02 4.500000e+02 4.510000e+02 4.520000e+02 4.530000e+02 4.540000e+02 
4.400000e+02 4.410000e+02 4.420000e+02 4.430000e+02 4.440000e+02 4.450000e+02 4.460000e+02 4.470000e+02 4.480000e+02 4.490000e+02 4.500000e+02 4.510000e+02 4.520000e+02 4.530000e+02 4.540000e+02 4.550000e+02 
4.410000e+02 4.420000e+02 4.430000e+02 4.440000e+02 4.450000e+02 4.460000e+02 4.470000e+02 4.480000e+02 4.490000e+02 4.500000e+02 4.510000e+02 4.520000e+02 4.530000e+02 4.540000e+02 4.550000e+02 4.560000e+02 
4.420000e+02 4.430000e+02 4.440000e+02 4.450000e+02 4.460000e+02 4.470000e+02 4.480000e+02 4.490000e+02 4.500000e+02 4.510000e+02 4.520000e+02 4.530000e+02 4.540000e+02 4.550000e+02 4.560000e+02 4.570000e+02 
4.430000e+02 4.440000e+02 4.450000e+02 4.460000e+02 4.470000e+02 4.480000e+02 4.490000e+02 4.500000e+02 4.510000e+02 4.520000e+02 4.530000e+02 4.540000e+02 4.550000e+02 4.560000e+02 4.570000e+02 4.580000e+02 
4.440000e+02 4.450000e+02 4.460000e+02 4.470000e+02 4.480000e+02 4.490000e+02 4.500000e+02 4.510000e+02 4.520000e+02 4.530000e+02 4.540000e+02 4.550000e+02 4.560000e+02 4.570000e+02 4.580000e+02 4.590000e+02 
4.450000e+02 4.460000e+02 4.470000e+02 4.480000e+02 4.490000e+02 4.500000e+02 4.510000e+02 4.520000e+02 4.530000e+02 4.540000e+02 4.550000e+02 4.560000e+02 4.570000e+02 4.580000e+02 4.590000e+02 4.600000e+02 
4.460000e+02 4.470000e+02 4.480000e+02 4.490000e+02 4.500000e+02 4.510000e+02 4.520000e+02 4.530000e+02 4.540000e+02 4.550000e+02 4.560000e+02 4.570000e+02 4.580000e+02 4.590000e+02 4.600000e+02 4.610000e+02 
4.470000e+02 4.480000e+02 4.490000e+02 4.500000e+02 4.510000e+02 4.520000e+02 4.530000e+02 4.540000e+02 4.550000e+02 4.560000e+02 4.570000e+02 4.580000e+02 4.590000e+02 4.600000e+02 4.610000e+02 4.620000e+02 
Bs:
2.080000e+02 2.090000e+02 2.100000e+02 2.110000e+02 2.120000e+02 2.130000e+02 2.140000e+02 2.150000e+02 2.160000e+02 2.170000e+02 2.180000e+02 2.190000e+02 2.200000e+02 2.210000e+02 2.220000e+02 2.230000e+02 
2.090000e+02 2.100000e+02 2.110000e+02 2.120000e+02 2.130000e+02 2.140000e+02 2.150000e+02 2.160000e+02 2.170000e+02 2.180000e+02 2.190000e+02 2.200000e+02 2.210000e+02 2.220000e+02 2.230000e+02 2.240000e+02 
2.100000e+02 2.110000e+02 2.120000e+02 2.130000e+02 2.140000e+02 2.150000e+02 2.160000e+02 2.170000e+02 2.180000e+02 2.190000e+02 2.200000e+02 2.210000e+02 2.220000e+02 2.230000e+02 2.240000e+02 2.250000e+02 
2.110000e+02 2.120000e+02 2.130000e+02 2.140000e+02 2.150000e+02 2.160000e+02 2.170000e+02 2.180000e+02 2.190000e+02 2.200000e+02 2.210000e+02 2.220000e+02 2.230000e+02 2.240000e+02 2.250000e+02 2.260000e+02 
2.120000e+02 2.130000e+02 2.140000e+02 2.150000e+02 2.160000e+02 2.170000e+02 2.180000e+02 2.190000e+02 2.200000e+02 2.210000e+02 2.220000e+02 2.230000e+02 2.240000e+02 2.250000e+02 2.260000e+02 2.270000e+02 
2.130000e+02 2.140000e+02 2.150000e+02 2.160000e+02 2.170000e+02 2.180000e+02 2.190000e+02 2.200000e+02 2.210000e+02 2.220000e+02 2.230000e+02 2.240000e+02 2.250000e+02 2.260000e+02 2.270000e+02 2.280000e+02 
2.140000e+02 2.150000e+02 2.160000e+02 2.170000e+02 2.180000e+02 2.190000e+02 2.200000e+02 2.210000e+02 2.220000e+02 2.230000e+02 2.240000e+02 2.250000e+02 2.260000e+02 2.270000e+02 2.280000e+02 2.290000e+02 
2.150000e+02 2.160000e+02 2.170000e+02 2.180000e+02 2.190000e+02 2.200000e+02 2.210000e+02 2.220000e+02 2.230000e+02 2.240000e+02 2.250000e+02 2.260000e+02 2.270000e+02 2.280000e+02 2.290000e+02 2.300000e+02 
2.160000e+02 2.170000e+02 2.180000e+02 2.190000e+02 2.200000e+02 2.210000e+02 2.220000e+02 2.230000e+02 2.240000e+02 2.250000e+02 2.260000e+02 2.270000e+02 2.280000e+02 2.290000e+02 2.300000e+02 2.310000e+02 
2.170000e+02 2.180000e+02 2.190000e+02 2.200000e+02 2.210000e+02 2.220000e+02 2.230000e+02 2.240000e+02 2.250000e+02 2.260000e+02 2.270000e+02 2.280000e+02 2.290000e+02 2.300000e+02 2.310000e+02 2.320000e+02 
2.180000e+02 2.190000e+02 2.200000e+02 2.210000e+02 2.220000e+02 2.230000e+02 2.240000e+02 2.250000e+02 2.260000e+02 2.270000e+02 2.280000e+02 2.290000e+02 2.300000e+02 2.310000e+02 2.320000e+02 2.330000e+02 
2.190000e+02 2.200000e+02 2.210000e+02 2.220000e+02 2.230000e+02 2.240000e+02 2.250000e+02 2.260000e+02 2.270000e+02 2.280000e+02 2.290000e+02 2.300000e+02 2.310000e+02 2.320000e+02 2.330000e+02 2.340000e+02 
2.200000e+02 2.210000e+02 2.220000e+02 2.230000e+02 2.240000e+02 2.250000e+02 2.260000e+02 2.270000e+02 2.280000e+02 2.290000e+02 2.300000e+02 2.310000e+02 2.320000e+02 2.330000e+02 2.340000e+02 2.350000e+02 
2.210000e+02 2.220000e+02 2.230000e+02 2.240000e+02 2.250000e+02 2.260000e+02 2.270000e+02 2.280000e+02 2.290000e+02 2.300000e+02 2.310000e+02 2.320000e+02 2.330000e+02 2.340000e+02 2.350000e+02 2.360000e+02 
2.220000e+02 2.230000e+02 2.240000e+02 2.250000e+02 2.260000e+02 2.270000e+02 2.280000e+02 2.290000e+02 2.300000e+02 2.310000e+02 2.320000e+02 2.330000e+02 2.340000e+02 2.350000e+02 2.360000e+02 2.370000e+02 
2.230000e+02 2.240000e+02 2.250000e+02 2.260000e+02 2.270000e+02 2.280000e+02 2.290000e+02 2.300000e+02 2.310000e+02 2.320000e+02 2.330000e+02 2.340000e+02 2.350000e+02 2.360000e+02 2.370000e+02 2.380000e+02 


On iteration 13
As:
4.480000e+02 4.490000e+02 4.500000e+02 4.510000e+02 4.520000e+02 4.530000e+02 4.540000e+02 4.550000e+02 4.560000e+02 4.570000e+02 4.580000e+02 4.590000e+02 4.600000e+02 4.610000e+02 4.620000e+02 4.630000e+02 
4.490000e+02 4.500000e+02 4.510000e+02 4.520000e+02 4.530000e+02 4.540000e+02 4.550000e+02 4.560000e+02 4.570000e+02 4.580000e+02 4.590000e+02 4.600000e+02 4.610000e+02 4.620000e+02 4.630000e+02 4.640000e+02 
4.500000e+02 4.510000e+02 4.520000e+02 4.530000e+02 4.540000e+02 4.550000e+02 4.560000e+02 4.570000e+02 4.580000e+02 4.590000e+02 4.600000e+02 4.610000e+02 4.620000e+02 4.630000e+02 4.640000e+02 4.650000e+02 
4.510000e+02 4.520000e+02 4.530000e+02 4.540000e+02 4.550000e+02 4.560000e+02 4.570000e+02 4.580000e+02 4.590000e+02 4.600000e+02 4.610000e+02 4.620000e+02 4.630000e+02 4.640000e+02 4.650000e+02 4.660000e+02 
4.520000e+02 4.530000e+02 4.540000e+02 4.550000e+02 4.560000e+02 4.570000e+02 4.580000e+02 4.590000e+02 4.600000e+02 4.610000e+02 4.620000e+02 4.630000e+02 4.640000e+02 4.650000e+02 4.660000e+02 4.670000e+02 
4.530000e+02 4.540000e+02 4.550000e+02 4.560000e+02 4.570000e+02 4.580000e+02 4.590000e+02 4.600000e+02 4.610000e+02 4.620000e+02 4.630000e+02 4.640000e+02 4.650000e+02 4.660000e+02 4.670000e+02 4.680000e+02 
4.540000e+02 4.550000e+02 4.560000e+02 4.570000e+02 4.580000e+02 4.590000e+02 4.600000e+02 4.610000e+02 4.620000e+02 4.630000e+02 4.640000e+02 4.650000e+02 4.660000e+02 4.670000e+02 4.680000e+02 4.690000e+02 
4.550000e+02 4.560000e+02 4.570000e+02 4.580000e+02 4.590000e+02 4.600000e+02 4.610000e+02 4.620000e+02 4.630000e+02 4.640000e+02 4.650000e+02 4.660000e+02 4.670000e+02 4.680000e+02 4.690000e+02 4.700000e+02 
4.560000e+02 4.570000e+02 4.580000e+02 4.590000e+02 4.600000e+02 4.610000e+02 4.620000e+02 4.630000e+02 4.640000e+02 4.650000e+02 4.660000e+02 4.670000e+02 4.680000e+02 4.690000e+02 4.700000e+02 4.710000e+02 
4.570000e+02 4.580000e+02 4.590000e+02 4.600000e+02 4.610000e+02 4.620000e+02 4.630000e+02 4.640000e+02 4.650000e+02 4.660000e+02 4.670000e+02 4.680000e+02 4.690000e+02 4.700000e+02 4.710000e+02 4.720000e+02 
4.580000e+02 4.590000e+02 4.600000e+02 4.610000e+02 4.620000e+02 4.630000e+02 4.640000e+02 4.650000e+02 4.660000e+02 4.670000e+02 4.680000e+02 4.690000e+02 4.700000e+02 4.710000e+02 4.720000e+02 4.730000e+02 
4.590000e+02 4.600000e+02 4.610000e+02 4.620000e+02 4.630000e+02 4.640000e+02 4.650000e+02 4.660000e+02 4.670000e+02 4.680000e+02 4.690000e+02 4.700000e+02 4.710000e+02 4.720000e+02 4.730000e+02 4.740000e+02 
4.600000e+02 4.610000e+02 4.620000e+02 4.630000e+02 4.640000e+02 4.650000e+02 4.660000e+02 4.670000e+02 4.680000e+02 4.690000e+02 4.700000e+02 4.710000e+02 4.720000e+02 4.730000e+02 4.740000e+02 4.750000e+02 
4.610000e+02 4.620000e+02 4.630000e+02 4.640000e+02 4.650000e+02 4.660000e+02 4.670000e+02 4.680000e+02 4.690000e+02 4.700000e+02 4.710000e+02 4.720000e+02 4.730000e+02 4.740000e+02 4.750000e+02 4.760000e+02 
4.620000e+02 4.630000e+02 4.640000e+02 4.650000e+02 4.660000e+02 4.670000e+02 4.680000e+02 4.690000e+02 4.700000e+02 4.710000e+02 4.720000e+02 4.730000e+02 4.740000e+02 4.750000e+02 4.760000e+02 4.770000e+02 
4.630000e+02 4.640000e+02 4.650000e+02 4.660000e+02 4.670000e+02 4.680000e+02 4.690000e+02 4.700000e+02 4.710000e+02 4.720000e+02 4.730000e+02 4.740000e+02 4.750000e+02 4.760000e+02 4.770000e+02 4.780000e+02 
Bs:
2.240000e+02 2.250000e+02 2.260000e+02 2.270000e+02 2.280000e+02 2.290000e+02 2.300000e+02 2.310000e+02 2.320000e+02 2.330000e+02 2.340000e+02 2.350000e+02 2.360000e+02 2.370000e+02 2.380000e+02 2.390000e+02 
2.250000e+02 2.260000e+02 2.270000e+02 2.280000e+02 2.290000e+02 2.300000e+02 2.310000e+02 2.320000e+02 2.330000e+02 2.340000e+02 2.350000e+02 2.360000e+02 2.370000e+02 2.380000e+02 2.390000e+02 2.400000e+02 
2.260000e+02 2.270000e+02 2.280000e+02 2.290000e+02 2.300000e+02 2.310000e+02 2.320000e+02 2.330000e+02 2.340000e+02 2.350000e+02 2.360000e+02 2.370000e+02 2.380000e+02 2.390000e+02 2.400000e+02 2.410000e+02 
2.270000e+02 2.280000e+02 2.290000e+02 2.300000e+02 2.310000e+02 2.320000e+02 2.330000e+02 2.340000e+02 2.350000e+02 2.360000e+02 2.370000e+02 2.380000e+02 2.390000e+02 2.400000e+02 2.410000e+02 2.420000e+02 
2.280000e+02 2.290000e+02 2.300000e+02 2.310000e+02 2.320000e+02 2.330000e+02 2.340000e+02 2.350000e+02 2.360000e+02 2.370000e+02 2.380000e+02 2.390000e+02 2.400000e+02 2.410000e+02 2.420000e+02 2.430000e+02 
2.290000e+02 2.300000e+02 2.310000e+02 2.320000e+02 2.330000e+02 2.340000e+02 2.350000e+02 2.360000e+02 2.370000e+02 2.380000e+02 2.390000e+02 2.400000e+02 2.410000e+02 2.420000e+02 2.430000e+02 2.440000e+02 
2.300000e+02 2.310000e+02 2.320000e+02 2.330000e+02 2.340000e+02 2.350000e+02 2.360000e+02 2.370000e+02 2.380000e+02 2.390000e+02 2.400000e+02 2.410000e+02 2.420000e+02 2.430000e+02 2.440000e+02 2.450000e+02 
2.310000e+02 2.320000e+02 2.330000e+02 2.340000e+02 2.350000e+02 2.360000e+02 2.370000e+02 2.380000e+02 2.390000e+02 2.400000e+02 2.410000e+02 2.420000e+02 2.430000e+02 2.440000e+02 2.450000e+02 2.460000e+02 
2.320000e+02 2.330000e+02 2.340000e+02 2.350000e+02 2.360000e+02 2.370000e+02 2.380000e+02 2.390000e+02 2.400000e+02 2.410000e+02 2.420000e+02 2.430000e+02 2.440000e+02 2.450000e+02 2.460000e+02 2.470000e+02 
2.330000e+02 2.340000e+02 2.350000e+02 2.360000e+02 2.370000e+02 2.380000e+02 2.390000e+02 2.400000e+02 2.410000e+02 2.420000e+02 2.430000e+02 2.440000e+02 2.450000e+02 2.460000e+02 2.470000e+02 2.480000e+02 
2.340000e+02 2.350000e+02 2.360000e+02 2.370000e+02 2.380000e+02 2.390000e+02 2.400000e+02 2.410000e+02 2.420000e+02 2.430000e+02 2.440000e+02 2.450000e+02 2.460000e+02 2.470000e+02 2.480000e+02 2.490000e+02 
2.350000e+02 2.360000e+02 2.370000e+02 2.380000e+02 2.390000e+02 2.400000e+02 2.410000e+02 2.420000e+02 2.430000e+02 2.440000e+02 2.450000e+02 2.460000e+02 2.470000e+02 2.480000e+02 2.490000e+02 2.500000e+02 
2.360000e+02 2.370000e+02 2.380000e+02 2.390000e+02 2.400000e+02 2.410000e+02 2.420000e+02 2.430000e+02 2.440000e+02 2.450000e+02 2.460000e+02 2.470000e+02 2.480000e+02 2.490000e+02 2.500000e+02 2.510000e+02 
2.370000e+02 2.380000e+02 2.390000e+02 2.400000e+02 2.410000e+02 2.420000e+02 2.430000e+02 2.440000e+02 2.450000e+02 2.460000e+02 2.470000e+02 2.480000e+02 2.490000e+02 2.500000e+02 2.510000e+02 2.520000e+02 
2.380000e+02 2.390000e+02 2.400000e+02 2.410000e+02 2.420000e+02 2.430000e+02 2.440000e+02 2.450000e+02 2.460000e+02 2.470000e+02 2.480000e+02 2.490000e+02 2.500000e+02 2.510000e+02 2.520000e+02 2.530000e+02 
2.390000e+02 2.400000e+02 2.410000e+02 2.420000e+02 2.430000e+02 2.440000e+02 2.450000e+02 2.460000e+02 2.470000e+02 2.480000e+02 2.490000e+02 2.500000e+02 2.510000e+02 2.520000e+02 2.530000e+02 2.540000e+02 


On iteration 14
As:
4.640000e+02 4.650000e+02 4.660000e+02 4.670000e+02 4.680000e+02 4.690000e+02 4.700000e+02 4.710000e+02 4.720000e+02 4.730000e+02 4.740000e+02 4.750000e+02 4.760000e+02 4.770000e+02 4.780000e+02 4.790000e+02 
4.650000e+02 4.660000e+02 4.670000e+02 4.680000e+02 4.690000e+02 4.700000e+02 4.710000e+02 4.720000e+02 4.730000e+02 4.740000e+02 4.750000e+02 4.760000e+02 4.770000e+02 4.780000e+02 4.790000e+02 4.800000e+02 
4.660000e+02 4.670000e+02 4.680000e+02 4.690000e+02 4.700000e+02 4.710000e+02 4.720000e+02 4.730000e+02 4.740000e+02 4.750000e+02 4.760000e+02 4.770000e+02 4.780000e+02 4.790000e+02 4.800000e+02 4.810000e+02 
4.670000e+02 4.680000e+02 4.690000e+02 4.700000e+02 4.710000e+02 4.720000e+02 4.730000e+02 4.740000e+02 4.750000e+02 4.760000e+02 4.770000e+02 4.780000e+02 4.790000e+02 4.800000e+02 4.810000e+02 4.820000e+02 
4.680000e+02 4.690000e+02 4.700000e+02 4.710000e+02 4.720000e+02 4.730000e+02 4.740000e+02 4.750000e+02 4.760000e+02 4.770000e+02 4.780000e+02 4.790000e+02 4.800000e+02 4.810000e+02 4.820000e+02 4.830000e+02 
4.690000e+02 4.700000e+02 4.710000e+02 4.720000e+02 4.730000e+02 4.740000e+02 4.750000e+02 4.760000e+02 4.770000e+02 4.780000e+02 4.790000e+02 4.800000e+02 4.810000e+02 4.820000e+02 4.830000e+02 4.840000e+02 
4.700000e+02 4.710000e+02 4.720000e+02 4.730000e+02 4.740000e+02 4.750000e+02 4.760000e+02 4.770000e+02 4.780000e+02 4.790000e+02 4.800000e+02 4.810000e+02 4.820000e+02 4.830000e+02 4.840000e+02 4.850000e+02 
4.710000e+02 4.720000e+02 4.730000e+02 4.740000e+02 4.750000e+02 4.760000e+02 4.770000e+02 4.780000e+02 4.790000e+02 4.800000e+02 4.810000e+02 4.820000e+02 4.830000e+02 4.840000e+02 4.850000e+02 4.860000e+02 
4.720000e+02 4.730000e+02 4.740000e+02 4.750000e+02 4.760000e+02 4.770000e+02 4.780000e+02 4.790000e+02 4.800000e+02 4.810000e+02 4.820000e+02 4.830000e+02 4.840000e+02 4.850000e+02 4.860000e+02 4.870000e+02 
4.730000e+02 4.740000e+02 4.750000e+02 4.760000e+02 4.770000e+02 4.780000e+02 4.790000e+02 4.800000e+02 4.810000e+02 4.820000e+02 4.830000e+02 4.840000e+02 4.850000e+02 4.860000e+02 4.870000e+02 4.880000e+02 
4.740000e+02 4.750000e+02 4.760000e+02 4.770000e+02 4.780000e+02 4.790000e+02 4.800000e+02 4.810000e+02 4.820000e+02 4.830000e+02 4.840000e+02 4.850000e+02 4.860000e+02 4.870000e+02 4.880000e+02 4.890000e+02 
4.750000e+02 4.760000e+02 4.770000e+02 4.780000e+02 4.790000e+02 4.800000e+02 4.810000e+02 4.820000e+02 4.830000e+02 4.840000e+02 4.850000e+02 4.860000e+02 4.870000e+02 4.880000e+02 4.890000e+02 4.900000e+02 
4.760000e+02 4.770000e+02 4.780000e+02 4.790000e+02 4.800000e+02 4.810000e+02 4.820000e+02 4.830000e+02 4.840000e+02 4.850000e+02 4.860000e+02 4.870000e+02 4.880000e+02 4.890000e+02 4.900000e+02 4.910000e+02 
4.770000e+02 4.780000e+02 4.790000e+02 4.800000e+02 4.810000e+02 4.820000e+02 4.830000e+02 4.840000e+02 4.850000e+02 4.860000e+02 4.870000e+02 4.880000e+02 4.890000e+02 4.900000e+02 4.910000e+02 4.920000e+02 
4.780000e+02 4.790000e+02 4.800000e+02 4.810000e+02 4.820000e+02 4.830000e+02 4.840000e+02 4.850000e+02 4.860000e+02 4.870000e+02 4.880000e+02 4.890000e+02 4.900000e+02 4.910000e+02 4.920000e+02 4.930000e+02 
4.790000e+02 4.800000e+02 4.810000e+02 4.820000e+02 4.830000e+02 4.840000e+02 4.850000e+02 4.860000e+02 4.870000e+02 4.880000e+02 4.890000e+02 4.900000e+02 4.910000e+02 4.920000e+02 4.930000e+02 4.940000e+02 
Bs:
2.400000e+02 2.410000e+02 2.420000e+02 2.430000e+02 2.440000e+02 2.450000e+02 2.460000e+02 2.470000e+02 2.480000e+02 2.490000e+02 2.500000e+02 2.510000e+02 2.520000e+02 2.530000e+02 2.540000e+02 2.550000e+02 
2.410000e+02 2.420000e+02 2.430000e+02 2.440000e+02 2.450000e+02 2.460000e+02 2.470000e+02 2.480000e+02 2.490000e+02 2.500000e+02 2.510000e+02 2.520000e+02 2.530000e+02 2.540000e+02 2.550000e+02 2.560000e+02 
2.420000e+02 2.430000e+02 2.440000e+02 2.450000e+02 2.460000e+02 2.470000e+02 2.480000e+02 2.490000e+02 2.500000e+02 2.510000e+02 2.520000e+02 2.530000e+02 2.540000e+02 2.550000e+02 2.560000e+02 2.570000e+02 
2.430000e+02 2.440000e+02 2.450000e+02 2.460000e+02 2.470000e+02 2.480000e+02 2.490000e+02 2.500000e+02 2.510000e+02 2.520000e+02 2.530000e+02 2.540000e+02 2.550000e+02 2.560000e+02 2.570000e+02 2.580000e+02 
2.440000e+02 2.450000e+02 2.460000e+02 2.470000e+02 2.480000e+02 2.490000e+02 2.500000e+02 2.510000e+02 2.520000e+02 2.530000e+02 2.540000e+02 2.550000e+02 2.560000e+02 2.570000e+02 2.580000e+02 2.590000e+02 
2.450000e+02 2.460000e+02 2.470000e+02 2.480000e+02 2.490000e+02 2.500000e+02 2.510000e+02 2.520000e+02 2.530000e+02 2.540000e+02 2.550000e+02 2.560000e+02 2.570000e+02 2.580000e+02 2.590000e+02 2.600000e+02 
2.460000e+02 2.470000e+02 2.480000e+02 2.490000e+02 2.500000e+02 2.510000e+02 2.520000e+02 2.530000e+02 2.540000e+02 2.550000e+02 2.560000e+02 2.570000e+02 2.580000e+02 2.590000e+02 2.600000e+02 2.610000e+02 
2.470000e+02 2.480000e+02 2.490000e+02 2.500000e+02 2.510000e+02 2.520000e+02 2.530000e+02 2.540000e+02 2.550000e+02 2.560000e+02 2.570000e+02 2.580000e+02 2.590000e+02 2.600000e+02 2.610000e+02 2.620000e+02 
2.480000e+02 2.490000e+02 2.500000e+02 2.510000e+02 2.520000e+02 2.530000e+02 2.540000e+02 2.550000e+02 2.560000e+02 2.570000e+02 2.580000e+02 2.590000e+02 2.600000e+02 2.610000e+02 2.620000e+02 2.630000e+02 
2.490000e+02 2.500000e+02 2.510000e+02 2.520000e+02 2.530000e+02 2.540000e+02 2.550000e+02 2.560000e+02 2.570000e+02 2.580000e+02 2.590000e+02 2.600000e+02 2.610000e+02 2.620000e+02 2.630000e+02 2.640000e+02 
2.500000e+02 2.510000e+02 2.520000e+02 2.530000e+02 2.540000e+02 2.550000e+02 2.560000e+02 2.570000e+02 2.580000e+02 2.590000e+02 2.600000e+02 2.610000e+02 2.620000e+02 2.630000e+02 2.640000e+02 2.650000e+02 
2.510000e+02 2.520000e+02 2.530000e+02 2.540000e+02 2.550000e+02 2.560000e+02 2.570000e+02 2.580000e+02 2.590000e+02 2.600000e+02 2.610000e+02 2.620000e+02 2.630000e+02 2.640000e+02 2.650000e+02 2.660000e+02 
2.520000e+02 2.530000e+02 2.540000e+02 2.550000e+02 2.560000e+02 2.570000e+02 2.580000e+02 2.590000e+02 2.600000e+02 2.610000e+02 2.620000e+02 2.630000e+02 2.640000e+02 2.650000e+02 2.660000e+02 2.670000e+02 
2.530000e+02 2.540000e+02 2.550000e+02 2.560000e+02 2.570000e+02 2.580000e+02 2.590000e+02 2.600000e+02 2.610000e+02 2.620000e+02 2.630000e+02 2.640000e+02 2.650000e+02 2.660000e+02 2.670000e+02 2.680000e+02 
2.540000e+02 2.550000e+02 2.560000e+02 2.570000e+02 2.580000e+02 2.590000e+02 2.600000e+02 2.610000e+02 2.620000e+02 2.630000e+02 2.640000e+02 2.650000e+02 2.660000e+02 2.670000e+02 2.680000e+02 2.690000e+02 
2.550000e+02 2.560000e+02 2.570000e+02 2.580000e+02 2.590000e+02 2.600000e+02 2.610000e+02 2.620000e+02 2.630000e+02 2.640000e+02 2.650000e+02 2.660000e+02 2.670000e+02 2.680000e+02 2.690000e+02 2.700000e+02 


On iteration 15
As:
4.800000e+02 4.810000e+02 4.820000e+02 4.830000e+02 4.840000e+02 4.850000e+02 4.860000e+02 4.870000e+02 4.880000e+02 4.890000e+02 4.900000e+02 4.910000e+02 4.920000e+02 4.930000e+02 4.940000e+02 4.950000e+02 
4.810000e+02 4.820000e+02 4.830000e+02 4.840000e+02 4.850000e+02 4.860000e+02 4.870000e+02 4.880000e+02 4.890000e+02 4.900000e+02 4.910000e+02 4.920000e+02 4.930000e+02 4.940000e+02 4.950000e+02 4.960000e+02 
4.820000e+02 4.830000e+02 4.840000e+02 4.850000e+02 4.860000e+02 4.870000e+02 4.880000e+02 4.890000e+02 4.900000e+02 4.910000e+02 4.920000e+02 4.930000e+02 4.940000e+02 4.950000e+02 4.960000e+02 4.970000e+02 
4.830000e+02 4.840000e+02 4.850000e+02 4.860000e+02 4.870000e+02 4.880000e+02 4.890000e+02 4.900000e+02 4.910000e+02 4.920000e+02 4.930000e+02 4.940000e+02 4.950000e+02 4.960000e+02 4.970000e+02 4.980000e+02 
4.840000e+02 4.850000e+02 4.860000e+02 4.870000e+02 4.880000e+02 4.890000e+02 4.900000e+02 4.910000e+02 4.920000e+02 4.930000e+02 4.940000e+02 4.950000e+02 4.960000e+02 4.970000e+02 4.980000e+02 4.990000e+02 
4.850000e+02 4.860000e+02 4.870000e+02 4.880000e+02 4.890000e+02 4.900000e+02 4.910000e+02 4.920000e+02 4.930000e+02 4.940000e+02 4.950000e+02 4.960000e+02 4.970000e+02 4.980000e+02 4.990000e+02 5.000000e+02 
4.860000e+02 4.870000e+02 4.880000e+02 4.890000e+02 4.900000e+02 4.910000e+02 4.920000e+02 4.930000e+02 4.940000e+02 4.950000e+02 4.960000e+02 4.970000e+02 4.980000e+02 4.990000e+02 5.000000e+02 5.010000e+02 
4.870000e+02 4.880000e+02 4.890000e+02 4.900000e+02 4.910000e+02 4.920000e+02 4.930000e+02 4.940000e+02 4.950000e+02 4.960000e+02 4.970000e+02 4.980000e+02 4.990000e+02 5.000000e+02 5.010000e+02 5.020000e+02 
4.880000e+02 4.890000e+02 4.900000e+02 4.910000e+02 4.920000e+02 4.930000e+02 4.940000e+02 4.950000e+02 4.960000e+02 4.970000e+02 4.980000e+02 4.990000e+02 5.000000e+02 5.010000e+02 5.020000e+02 5.030000e+02 
4.890000e+02 4.900000e+02 4.910000e+02 4.920000e+02 4.930000e+02 4.940000e+02 4.950000e+02 4.960000e+02 4.970000e+02 4.980000e+02 4.990000e+02 5.000000e+02 5.010000e+02 5.020000e+02 5.030000e+02 5.040000e+02 
4.900000e+02 4.910000e+02 4.920000e+02 4.930000e+02 4.940000e+02 4.950000e+02 4.960000e+02 4.970000e+02 4.980000e+02 4.990000e+02 5.000000e+02 5.010000e+02 5.020000e+02 5.030000e+02 5.040000e+02 5.050000e+02 
4.910000e+02 4.920000e+02 4.930000e+02 4.940000e+02 4.950000e+02 4.960000e+02 4.970000e+02 4.980000e+02 4.990000e+02 5.000000e+02 5.010000e+02 5.020000e+02 5.030000e+02 5.040000e+02 5.050000e+02 5.060000e+02 
4.920000e+02 4.930000e+02 4.940000e+02 4.950000e+02 4.960000e+02 4.970000e+02 4.980000e+02 4.990000e+02 5.000000e+02 5.010000e+02 5.020000e+02 5.030000e+02 5.040000e+02 5.050000e+02 5.060000e+02 5.070000e+02 
4.930000e+02 4.940000e+02 4.950000e+02 4.960000e+02 4.970000e+02 4.980000e+02 4.990000e+02 5.000000e+02 5.010000e+02 5.020000e+02 5.030000e+02 5.040000e+02 5.050000e+02 5.060000e+02 5.070000e+02 5.080000e+02 
4.940000e+02 4.950000e+02 4.960000e+02 4.970000e+02 4.980000e+02 4.990000e+02 5.000000e+02 5.010000e+02 5.020000e+02 5.030000e+02 5.040000e+02 5.050000e+02 5.060000e+02 5.070000e+02 5.080000e+02 5.090000e+02 
4.950000e+02 4.960000e+02 4.970000e+02 4.980000e+02 4.990000e+02 5.000000e+02 5.010000e+02 5.020000e+02 5.030000e+02 5.040000e+02 5.050000e+02 5.060000e+02 5.070000e+02 5.080000e+02 5.090000e+02 5.100000e+02 
Bs:
2.560000e+02 2.570000e+02 2.580000e+02 2.590000e+02 2.600000e+02 2.610000e+02 2.620000e+02 2.630000e+02 2.640000e+02 2.650000e+02 2.660000e+02 2.670000e+02 2.680000e+02 2.690000e+02 2.700000e+02 2.710000e+02 
2.570000e+02 2.580000e+02 2.590000e+02 2.600000e+02 2.610000e+02 2.620000e+02 2.630000e+02 2.640000e+02 2.650000e+02 2.660000e+02 2.670000e+02 2.680000e+02 2.690000e+02 2.700000e+02 2.710000e+02 2.720000e+02 
2.580000e+02 2.590000e+02 2.600000e+02 2.610000e+02 2.620000e+02 2.630000e+02 2.640000e+02 2.650000e+02 2.660000e+02 2.670000e+02 2.680000e+02 2.690000e+02 2.700000e+02 2.710000e+02 2.720000e+02 2.730000e+02 
2.590000e+02 2.600000e+02 2.610000e+02 2.620000e+02 2.630000e+02 2.640000e+02 2.650000e+02 2.660000e+02 2.670000e+02 2.680000e+02 2.690000e+02 2.700000e+02 2.710000e+02 2.720000e+02 2.730000e+02 2.740000e+02 
2.600000e+02 2.610000e+02 2.620000e+02 2.630000e+02 2.640000e+02 2.650000e+02 2.660000e+02 2.670000e+02 2.680000e+02 2.690000e+02 2.700000e+02 2.710000e+02 2.720000e+02 2.730000e+02 2.740000e+02 2.750000e+02 
2.610000e+02 2.620000e+02 2.630000e+02 2.640000e+02 2.650000e+02 2.660000e+02 2.670000e+02 2.680000e+02 2.690000e+02 2.700000e+02 2.710000e+02 2.720000e+02 2.730000e+02 2.740000e+02 2.750000e+02 2.760000e+02 
2.620000e+02 2.630000e+02 2.640000e+02 2.650000e+02 2.660000e+02 2.670000e+02 2.680000e+02 2.690000e+02 2.700000e+02 2.710000e+02 2.720000e+02 2.730000e+02 2.740000e+02 2.750000e+02 2.760000e+02 2.770000e+02 
2.630000e+02 2.640000e+02 2.650000e+02 2.660000e+02 2.670000e+02 2.680000e+02 2.690000e+02 2.700000e+02 2.710000e+02 2.720000e+02 2.730000e+02 2.740000e+02 2.750000e+02 2.760000e+02 2.770000e+02 2.780000e+02 
2.640000e+02 2.650000e+02 2.660000e+02 2.670000e+02 2.680000e+02 2.690000e+02 2.700000e+02 2.710000e+02 2.720000e+02 2.730000e+02 2.740000e+02 2.750000e+02 2.760000e+02 2.770000e+02 2.780000e+02 2.790000e+02 
2.650000e+02 2.660000e+02 2.670000e+02 2.680000e+02 2.690000e+02 2.700000e+02 2.710000e+02 2.720000e+02 2.730000e+02 2.740000e+02 2.750000e+02 2.760000e+02 2.770000e+02 2.780000e+02 2.790000e+02 2.800000e+02 
2.660000e+02 2.670000e+02 2.680000e+02 2.690000e+02 2.700000e+02 2.710000e+02 2.720000e+02 2.730000e+02 2.740000e+02 2.750000e+02 2.760000e+02 2.770000e+02 2.780000e+02 2.790000e+02 2.800000e+02 2.810000e+02 
2.670000e+02 2.680000e+02 2.690000e+02 2.700000e+02 2.710000e+02 2.720000e+02 2.730000e+02 2.740000e+02 2.750000e+02 2.760000e+02 2.770000e+02 2.780000e+02 2.790000e+02 2.800000e+02 2.810000e+02 2.820000e+02 
2.680000e+02 2.690000e+02 2.700000e+02 2.710000e+02 2.720000e+02 2.730000e+02 2.740000e+02 2.750000e+02 2.760000e+02 2.770000e+02 2.780000e+02 2.790000e+02 2.800000e+02 2.810000e+02 2.820000e+02 2.830000e+02 
2.690000e+02 2.700000e+02 2.710000e+02 2.720000e+02 2.730000e+02 2.740000e+02 2.750000e+02 2.760000e+02 2.770000e+02 2.780000e+02 2.790000e+02 2.800000e+02 2.810000e+02 2.820000e+02 2.830000e+02 2.840000e+02 
2.700000e+02 2.710000e+02 2.720000e+02 2.730000e+02 2.740000e+02 2.750000e+02 2.760000e+02 2.770000e+02 2.780000e+02 2.790000e+02 2.800000e+02 2.810000e+02 2.820000e+02 2.830000e+02 2.840000e+02 2.850000e+02 
2.710000e+02 2.720000e+02 2.730000e+02 2.740000e+02 2.750000e+02 2.760000e+02 2.770000e+02 2.780000e+02 2.790000e+02 2.800000e+02 2.810000e+02 2.820000e+02 2.830000e+02 2.840000e+02 2.850000e+02 2.860000e+02 


Time to calculate results on GPU: 632.906311 ms.
Broken version first!
Time to calculate results on CPU: 13.309664 ms.
Total error between GPU and CPU: 4.866635e+03
